25400 
23713 
23525 
23604 
23698 
23854 
24057 
23838 
23510 
24119 
24947 
23853 
23713 
23573 
23525 
27166 
36945 
34492 
27697 
27478 
27853 
28322 
27275 
27572 
27525 
28821 
27712 
27384 
28587 
23495 
23635 
23697 
23760 
24306 
23901 
23823 
23791 
23729 
23760 
24729 
23463 
24619 
23479 
23604 
23760 
23557 
23557 
23401 
24807 
23807 
24338 
23667 
23744 
23854 
23416 
23620 
24416 
24026 
24494 
23995 
23339 
23526 
24713 
23791 
23948 
23213 
23666 
24026 
23932 
24510 
24010 
24010 
23916 
23682 
23760 
23807 
23807 
23682 
24729 
23901 
23932 
23589 
23792 
23448 
23869 
23588 
25088 
23807 
23714 
23964 
23682 
23885 
23666 
23510 
23885 
23354 
24728 
24182 
23448 
23682 
