15106 
14965 
15184 
14871 
15356 
15450 
16481 
15153 
15481 
15309 
15433 
15278 
15262 
15387 
15309 
15606 
15481 
15137 
16715 
15355 
15590 
16387 
15434 
15434 
15528 
15434 
15200 
15669 
15043 
15184 
15137 
15465 
15402 
16356 
15668 
15497 
15903 
15387 
15043 
15340 
15325 
15028 
15590 
15324 
16543 
15496 
15355 
14950 
15449 
16433 
15309 
15340 
15043 
15278 
15637 
15512 
15121 
15168 
15309 
15465 
16153 
15012 
15402 
15309 
15294 
15949 
15324 
15137 
15496 
15574 
15340 
16402 
15278 
15169 
15247 
15465 
14965 
15465 
15434 
15372 
15575 
16168 
15449 
15200 
15418 
15184 
15449 
16106 
15403 
15418 
15075 
15450 
15340 
15528 
15481 
16246 
15294 
15481 
15294 
15372 
