5218 
5186 
5186 
5186 
5405 
5218 
5186 
5186 
5187 
5171 
5186 
5186 
5186 
5186 
5187 
5218 
5390 
5217 
5202 
5186 
5186 
5186 
5187 
5186 
5187 
5186 
5186 
5421 
6749 
11216 
11169 
11341 
11342 
11732 
11075 
11575 
11794 
11153 
11482 
11545 
11591 
11497 
11747 
11606 
11638 
11653 
11591 
12153 
12122 
11654 
11419 
11419 
11450 
11341 
11559 
11669 
11403 
11497 
11747 
11778 
11778 
11529 
11606 
11591 
11528 
12575 
11997 
11529 
11497 
11731 
11700 
11794 
11466 
11763 
11466 
11638 
11731 
11747 
11326 
11591 
11669 
11544 
11419 
12388 
12200 
11560 
11560 
11545 
11575 
11591 
11825 
11669 
11482 
11607 
11731 
11560 
11513 
11528 
11654 
11466 
