2662 
2646 
2644 
2651 
2626 
2644 
2644 
2640 
2635 
2644 
2628 
2632 
2657 
2629 
2646 
2640 
2636 
2750 
2728 
2642 
2675 
2654 
2638 
2643 
2632 
2650 
2642 
2649 
2681 
2659 
2648 
2641 
2647 
2631 
2629 
2648 
2639 
2649 
2651 
2635 
2776 
2675 
2792 
2641 
2659 
2646 
2651 
2644 
2647 
2642 
2651 
2631 
2658 
2657 
2637 
2658 
2655 
2646 
2652 
2648 
2636 
2650 
2722 
2724 
2652 
2673 
2633 
2649 
2652 
2634 
2642 
2654 
2640 
2642 
2653 
2640 
2643 
2648 
2642 
2651 
2648 
2644 
2643 
2632 
2645 
2804 
2668 
2651 
2655 
2630 
2664 
2628 
2631 
2636 
2642 
2649 
2650 
2645 
2639 
2643 
