1721 
1680 
1692 
1690 
1728 
1692 
1707 
1684 
1695 
1708 
1690 
1687 
1693 
1695 
1685 
1688 
1689 
1677 
1677 
1687 
1691 
1742 
1772 
1717 
1690 
1696 
1720 
1675 
1686 
1696 
1696 
1684 
1686 
1705 
1676 
1694 
1686 
1690 
1695 
1697 
1677 
1678 
1694 
1700 
1674 
1679 
1704 
1676 
1703 
1693 
1692 
1694 
1686 
1691 
1680 
1693 
1720 
1768 
1723 
1702 
1695 
1702 
1696 
1702 
1678 
1686 
1693 
1673 
1679 
1687 
1690 
1694 
1699 
1688 
1677 
1679 
1691 
1681 
1694 
1698 
1683 
1687 
1680 
1689 
1679 
1702 
1698 
1684 
1694 
1686 
1677 
1692 
1766 
1741 
1681 
1680 
1706 
1674 
1686 
1699 
