107 
107 
106 
102 
109 
105 
100 
111 
105 
100 
114 
106 
106 
102 
110 
105 
105 
106 
99 
105 
105 
100 
104 
104 
109 
101 
111 
101 
111 
108 
103 
109 
106 
108 
108 
107 
106 
105 
107 
106 
105 
109 
106 
107 
105 
105 
106 
106 
109 
105 
105 
106 
103 
111 
101 
110 
108 
107 
106 
106 
102 
109 
107 
108 
101 
110 
106 
106 
106 
99 
111 
107 
103 
104 
106 
104 
106 
106 
106 
101 
105 
101 
113 
107 
105 
108 
104 
107 
106 
104 
106 
106 
103 
110 
101 
111 
100 
105 
106 
103 
