3827 
3827 
3812 
3812 
3812 
3811 
3812 
3811 
3812 
3811 
3812 
3811 
3812 
3796 
3874 
3905 
3843 
3827 
3812 
3812 
3796 
3811 
3812 
3812 
3812 
3811 
3812 
3796 
3812 
3812 
3983 
3858 
3843 
4015 
3827 
3811 
3812 
3812 
3796 
3796 
3795 
3812 
3811 
3812 
3811 
3812 
4015 
3827 
3812 
3827 
3812 
3812 
3811 
3812 
3812 
3812 
3811 
3811 
3812 
3811 
3812 
3921 
3936 
3843 
3827 
3812 
3796 
3812 
3811 
3812 
3812 
3812 
3827 
3812 
3811 
3796 
3812 
3999 
3827 
3828 
3812 
3827 
3812 
3811 
3812 
3796 
3812 
3811 
3812 
3812 
3796 
3812 
3827 
3968 
3843 
3812 
3812 
3812 
3812 
3843 
