425 
453 
426 
417 
421 
422 
422 
423 
438 
409 
421 
424 
421 
422 
442 
438 
436 
425 
444 
431 
469 
418 
422 
423 
422 
412 
421 
423 
421 
421 
412 
438 
432 
412 
434 
410 
422 
436 
421 
425 
422 
422 
424 
422 
426 
422 
433 
410 
422 
426 
422 
435 
410 
442 
417 
422 
419 
406 
410 
415 
431 
421 
422 
425 
422 
427 
419 
425 
420 
421 
418 
422 
427 
422 
421 
424 
422 
425 
421 
434 
411 
422 
426 
422 
435 
411 
435 
418 
422 
425 
422 
427 
421 
429 
415 
422 
426 
422 
431 
414 
