19589 
19323 
19292 
20198 
19324 
19839 
19277 
19245 
19042 
19479 
19526 
19355 
19590 
19433 
19870 
20339 
19121 
19542 
19761 
19511 
19386 
19011 
19229 
19215 
19480 
20526 
19229 
19355 
19683 
20089 
19480 
19512 
19386 
19183 
19699 
19667 
19292 
19401 
20057 
19214 
19230 
19574 
19262 
19121 
20199 
19355 
19449 
18949 
20058 
19511 
19230 
19652 
19355 
19636 
20355 
19496 
19058 
19121 
19042 
19042 
20324 
19573 
19495 
19183 
19199 
19167 
19167 
19042 
19340 
19168 
20043 
19746 
19261 
19058 
19324 
19027 
19120 
18933 
19183 
19167 
19355 
20371 
19651 
19183 
19042 
19245 
19214 
19058 
19105 
19417 
19370 
19589 
19667 
20104 
19573 
18933 
19370 
19246 
19339 
19636 
