978 
945 
962 
951 
948 
956 
941 
941 
940 
949 
956 
943 
956 
955 
941 
941 
949 
941 
956 
958 
956 
976 
1004 
997 
987 
958 
964 
952 
950 
979 
952 
949 
956 
942 
939 
940 
940 
958 
949 
958 
955 
940 
958 
956 
956 
946 
940 
942 
962 
950 
949 
936 
939 
949 
940 
958 
956 
940 
941 
957 
965 
941 
941 
956 
956 
957 
955 
948 
940 
950 
950 
950 
950 
951 
957 
949 
956 
956 
942 
940 
956 
957 
949 
956 
987 
1003 
1021 
972 
940 
949 
941 
943 
987 
962 
953 
949 
945 
950 
954 
941 
