3905 
3905 
3921 
3921 
3921 
3921 
3921 
3921 
3921 
4124 
4030 
4156 
4170 
4140 
3921 
3921 
3905 
3905 
3921 
3921 
3906 
3906 
3906 
3920 
4109 
3920 
3921 
3905 
3905 
3921 
3921 
3905 
3905 
3905 
3921 
3921 
3905 
3905 
3921 
4062 
3936 
3937 
3921 
3905 
3905 
3921 
3906 
3905 
3905 
3921 
3921 
3906 
3906 
3921 
4014 
3999 
3937 
3937 
3905 
3906 
3921 
3921 
3905 
3905 
3905 
3921 
3921 
3921 
3905 
3968 
4046 
3952 
3921 
3921 
3921 
3905 
3905 
3905 
3921 
3921 
3921 
3921 
3905 
3905 
3905 
4108 
3921 
3937 
3905 
3906 
3906 
3953 
3921 
3936 
3905 
3905 
3905 
3921 
3921 
3906 
