1765 
1765 
1765 
1797 
1843 
1827 
1766 
1765 
1797 
1765 
1781 
1765 
1765 
1766 
1750 
1766 
1765 
1765 
1765 
1749 
1750 
1781 
1765 
1766 
1765 
1765 
1765 
1765 
1765 
1765 
1750 
1765 
1766 
1765 
1765 
1765 
1766 
1812 
1828 
1796 
1765 
1781 
1766 
1765 
1781 
1765 
1765 
1749 
1765 
1765 
1765 
1766 
1765 
1765 
1765 
1765 
1765 
1766 
1765 
1766 
1765 
1765 
1765 
1765 
1765 
1766 
1765 
1766 
1765 
1827 
1781 
1828 
1859 
1780 
1781 
1781 
1765 
1765 
1765 
1797 
1766 
1765 
1765 
1765 
1765 
1765 
1765 
1766 
1765 
1765 
1749 
1765 
1765 
1766 
1765 
1766 
1765 
1765 
1749 
1765 
