2734 
2734 
2733 
2734 
2733 
2734 
2765 
2734 
2719 
2734 
2734 
2718 
2734 
2733 
2734 
2734 
2843 
2781 
2734 
2750 
2749 
2734 
2734 
2734 
2733 
2718 
2734 
2733 
2750 
2749 
2733 
2734 
2750 
2733 
2734 
2733 
2734 
2734 
2875 
2765 
2765 
2749 
2734 
2734 
2734 
2734 
2733 
2718 
2749 
2734 
2749 
2734 
2734 
2749 
2734 
2733 
2734 
2734 
2733 
2750 
2890 
2750 
2734 
2733 
2750 
2733 
2734 
2734 
2734 
2734 
2734 
2733 
2734 
2733 
2734 
2734 
2733 
2734 
2734 
2734 
2734 
2780 
2875 
2734 
2750 
2733 
2734 
2734 
2734 
2733 
2734 
2734 
2718 
2734 
2734 
2733 
2734 
2750 
2733 
2734 
