1000 
1000 
1015 
1016 
1015 
1016 
999 
1000 
1000 
1016 
1015 
1015 
1016 
1015 
1015 
1000 
1000 
1015 
1015 
1016 
1000 
1000 
1031 
1093 
1062 
1078 
1016 
1015 
1015 
1016 
1031 
1015 
1016 
1015 
1015 
1016 
1015 
1015 
1016 
1000 
1000 
1015 
1016 
1015 
1062 
1016 
1015 
1016 
999 
1000 
1015 
1015 
1032 
1031 
1015 
1062 
1016 
1015 
1000 
1000 
999 
1016 
1015 
1016 
1015 
1015 
1016 
1015 
1016 
1015 
1000 
1000 
1015 
1016 
1015 
1016 
999 
1000 
1015 
1016 
1015 
1047 
1109 
1062 
1047 
1015 
1015 
1016 
1031 
1031 
1000 
1000 
1015 
1031 
1000 
1015 
1016 
1015 
1016 
1015 
