8685 
8716 
8701 
8717 
8982 
8748 
8701 
8701 
8701 
8732 
8717 
9045 
8733 
8701 
8701 
8701 
8701 
8701 
9029 
8732 
8701 
8685 
8701 
8733 
8748 
9013 
8717 
8701 
8685 
8701 
8701 
8873 
8795 
8701 
8701 
8701 
8701 
8701 
8998 
8763 
8717 
8702 
8701 
8701 
8701 
9029 
8795 
8701 
8701 
8702 
8701 
8701 
9045 
8717 
8701 
8701 
8702 
8701 
8717 
9060 
8748 
8701 
8685 
8701 
8701 
8701 
9060 
8701 
8701 
8701 
8701 
8716 
8810 
8967 
8701 
8701 
8701 
8701 
8717 
8935 
8858 
8716 
8701 
8701 
8701 
8717 
8997 
8764 
8717 
8701 
8702 
8701 
8701 
8936 
8732 
8701 
8685 
8701 
8701 
8701 
