10716 
10717 
10872 
10919 
10716 
10716 
10716 
10716 
11029 
10732 
10716 
10716 
10732 
10795 
10998 
10716 
10716 
10732 
10716 
10919 
10810 
10716 
10717 
10717 
10716 
11122 
10732 
10732 
10732 
10732 
10982 
10778 
10717 
10716 
10716 
10732 
11091 
10732 
10717 
10731 
10717 
10951 
10872 
10716 
10717 
10779 
10732 
11059 
10748 
10716 
10732 
10716 
10888 
10919 
10732 
10716 
10731 
10795 
10997 
10763 
10732 
10732 
10731 
10779 
11091 
10732 
10716 
10716 
10716 
11013 
10748 
10716 
10717 
10717 
10731 
11060 
10716 
10716 
10716 
10732 
11075 
10747 
10716 
10732 
10732 
10732 
11029 
10732 
10716 
10717 
10717 
10966 
10826 
10716 
10716 
10732 
10716 
11044 
10763 
10716 
