6889 
6889 
6967 
6904 
7108 
6952 
6904 
6889 
6905 
6920 
6904 
6905 
7404 
7217 
6920 
6904 
6889 
6889 
6905 
6904 
6889 
7045 
7170 
6905 
6889 
6889 
6889 
6889 
6889 
6889 
7249 
6936 
6905 
6905 
6889 
6889 
6889 
6904 
6889 
7186 
6967 
6889 
6889 
6904 
6889 
6905 
6889 
7077 
7045 
6920 
6889 
6889 
6904 
6889 
6889 
6889 
7248 
6920 
6889 
6889 
6904 
6905 
6889 
6889 
6905 
7123 
6920 
6889 
6889 
6889 
6889 
6905 
6889 
7107 
6983 
6905 
6889 
6889 
6905 
6905 
6889 
6889 
7139 
6936 
6905 
6889 
6889 
6904 
6905 
6889 
6920 
7202 
6951 
6889 
6889 
6889 
6889 
6905 
6889 
7170 
