125 
125 
109 
125 
125 
125 
110 
125 
125 
109 
125 
109 
109 
125 
109 
125 
110 
125 
109 
125 
109 
125 
110 
125 
109 
125 
109 
110 
125 
109 
109 
109 
110 
109 
109 
109 
110 
125 
109 
109 
110 
110 
109 
109 
125 
110 
109 
109 
110 
110 
109 
110 
109 
125 
109 
110 
109 
109 
109 
110 
109 
109 
125 
110 
109 
109 
125 
110 
109 
109 
125 
110 
109 
109 
125 
110 
109 
125 
109 
110 
125 
109 
109 
125 
110 
109 
125 
109 
110 
110 
109 
125 
109 
125 
110 
125 
109 
125 
109 
125 
