469 
468 
469 
453 
453 
468 
469 
453 
469 
468 
469 
453 
469 
468 
469 
469 
453 
468 
469 
453 
453 
469 
469 
468 
453 
469 
469 
453 
453 
453 
469 
468 
469 
453 
453 
468 
469 
469 
468 
453 
469 
468 
469 
453 
453 
468 
469 
469 
453 
468 
469 
469 
453 
468 
469 
453 
453 
468 
469 
453 
453 
469 
469 
453 
453 
469 
469 
453 
453 
500 
500 
516 
484 
500 
500 
484 
469 
468 
453 
453 
468 
469 
469 
453 
468 
485 
468 
453 
469 
469 
468 
453 
469 
469 
468 
469 
453 
469 
468 
469 
