5312 
5311 
5296 
5296 
5296 
5295 
5405 
5374 
5327 
5311 
5296 
5327 
5295 
5312 
5311 
5311 
5296 
5312 
5483 
5327 
5311 
5295 
5312 
5295 
5311 
5295 
5296 
5311 
5295 
5499 
5327 
5311 
5311 
5311 
5312 
5311 
5296 
5296 
5296 
5295 
5436 
5342 
5312 
5311 
5311 
5296 
5296 
5295 
5358 
5296 
5296 
5405 
5374 
5326 
5311 
5312 
5311 
5296 
5296 
5296 
5295 
5296 
5311 
5499 
5327 
5326 
5296 
5295 
5296 
5311 
5311 
5311 
5296 
5295 
5546 
5358 
5327 
5295 
5295 
5312 
5311 
5311 
5296 
5296 
5295 
5467 
5359 
5311 
5296 
5296 
5311 
5311 
5312 
5311 
5296 
5296 
5420 
5389 
5327 
5327 
