500 
484 
469 
468 
469 
469 
469 
484 
469 
484 
469 
468 
468 
469 
484 
469 
469 
469 
468 
485 
468 
469 
484 
469 
469 
469 
468 
485 
468 
469 
468 
485 
468 
469 
469 
469 
468 
469 
468 
485 
468 
469 
485 
547 
547 
531 
500 
547 
516 
484 
469 
484 
468 
485 
468 
469 
468 
469 
515 
485 
468 
485 
468 
469 
484 
469 
484 
500 
469 
484 
468 
469 
468 
469 
484 
469 
484 
469 
468 
485 
468 
485 
468 
469 
484 
469 
468 
469 
468 
485 
468 
485 
468 
484 
469 
469 
469 
468 
468 
469 
