5858 
5811 
5795 
6061 
5889 
5827 
5795 
5795 
5796 
5795 
5795 
5795 
5796 
5968 
5967 
5842 
5796 
5796 
5811 
5811 
5795 
5811 
5780 
5795 
6233 
5827 
5826 
5858 
5796 
5795 
5796 
5796 
5796 
5811 
6124 
5826 
5811 
5796 
5796 
5812 
5795 
5873 
5812 
5796 
6123 
5920 
5811 
5796 
5795 
5843 
5811 
5795 
5780 
5796 
5967 
5983 
5858 
5796 
5795 
5796 
5796 
5795 
5811 
5796 
5858 
6155 
5842 
5827 
5811 
5811 
5796 
5811 
5796 
5795 
5795 
6202 
5842 
5827 
5796 
5780 
5795 
5796 
5796 
5795 
5796 
6076 
5921 
5811 
5796 
5795 
5796 
5795 
5811 
5796 
5795 
5889 
5983 
5858 
5796 
5795 
