11904 
11841 
12591 
11825 
11826 
11826 
11826 
12341 
11857 
11826 
11810 
11825 
12435 
11841 
11825 
11825 
11810 
12482 
11873 
11826 
11919 
11826 
12310 
11887 
11825 
11826 
11841 
12513 
11888 
11825 
11857 
11903 
12450 
11903 
11825 
11826 
11841 
12466 
11888 
11825 
11826 
11825 
12294 
11919 
11825 
11872 
11841 
12247 
11857 
11809 
11825 
11935 
12403 
13200 
11825 
11810 
11826 
12466 
11841 
11810 
11825 
11826 
12357 
11857 
11825 
11826 
11826 
12107 
11997 
11825 
11825 
11826 
12091 
11888 
11809 
11825 
11826 
12404 
11872 
11809 
11810 
11810 
12278 
11950 
11809 
11810 
11826 
12341 
11873 
11810 
11809 
11825 
12388 
11919 
11825 
11825 
11826 
12388 
11888 
11810 
