9669 
9576 
9560 
9591 
9576 
10169 
9591 
9576 
9576 
9576 
9576 
10029 
9670 
9576 
9576 
9576 
9576 
10279 
9607 
9561 
9560 
9592 
9591 
10154 
9779 
9592 
9622 
9576 
9670 
9904 
9857 
9576 
9561 
9591 
9576 
9576 
10279 
9576 
9654 
9592 
9576 
9576 
10326 
9670 
9576 
9575 
9576 
9576 
10326 
9685 
9576 
9576 
9576 
9592 
10076 
9607 
9576 
9575 
9560 
9591 
10014 
9811 
9576 
9576 
9575 
9592 
9607 
10045 
9576 
9561 
9561 
9576 
9592 
10232 
9591 
9576 
9560 
9576 
9575 
10232 
9623 
9561 
9561 
9576 
9576 
10216 
9623 
9561 
9560 
9561 
9592 
10216 
9654 
9576 
9576 
9576 
9576 
9920 
9779 
9592 
