1125 
1062 
1062 
1062 
1062 
1078 
1063 
1062 
1078 
1078 
1249 
1203 
1156 
1062 
1063 
1063 
1109 
1109 
1063 
1062 
1078 
1078 
1062 
1078 
1062 
1062 
1062 
1062 
1063 
1077 
1063 
1062 
1078 
1062 
1062 
1062 
1062 
1063 
1063 
1062 
1078 
1062 
1062 
1062 
1062 
1063 
1062 
1062 
1062 
1078 
1062 
1078 
1062 
1062 
1063 
1063 
1062 
1062 
1062 
1062 
1078 
1062 
1063 
1062 
1063 
1124 
1188 
1140 
1140 
1078 
1063 
1062 
1109 
1062 
1062 
1078 
1078 
1062 
1063 
1063 
1062 
1078 
1062 
1062 
1062 
1062 
1063 
1062 
1078 
1062 
1062 
1078 
1062 
1063 
1077 
1063 
1062 
1062 
1062 
1078 
