125 
125 
109 
125 
110 
125 
125 
109 
109 
94 
93 
94 
109 
94 
94 
94 
78 
79 
93 
78 
94 
78 
78 
94 
78 
78 
78 
78 
63 
78 
78 
78 
63 
78 
62 
78 
63 
62 
63 
62 
63 
62 
62 
63 
62 
47 
46 
47 
62 
63 
62 
63 
62 
63 
62 
63 
47 
62 
63 
62 
63 
62 
63 
46 
47 
62 
63 
62 
63 
62 
63 
78 
62 
63 
62 
63 
78 
62 
63 
78 
63 
78 
62 
78 
78 
78 
63 
62 
78 
78 
78 
78 
78 
94 
78 
94 
78 
94 
93 
94 
