3030 
2952 
2953 
2968 
2968 
2968 
2952 
2968 
2968 
2968 
2953 
2953 
2952 
2952 
3156 
3140 
2968 
3000 
2968 
2953 
2952 
2968 
2952 
2952 
2968 
2953 
2953 
2968 
2952 
2952 
2969 
2952 
2952 
2952 
3077 
3187 
3203 
2983 
2968 
2968 
2953 
2968 
2952 
2952 
2968 
2953 
2953 
2968 
2968 
2952 
2952 
2969 
2968 
2952 
3109 
3186 
2968 
3015 
2984 
2953 
2953 
2968 
2968 
2952 
2968 
2953 
2953 
2953 
2968 
2952 
2952 
2968 
2953 
2953 
3077 
3203 
2953 
3000 
2968 
2952 
3015 
2952 
2952 
2953 
2953 
2968 
2952 
2952 
2968 
2953 
2968 
2968 
2968 
2952 
3015 
3265 
2968 
2999 
2984 
2968 
