7638 
7561 
7889 
7749 
7592 
7561 
7560 
7576 
7577 
7561 
8138 
7685 
7561 
7560 
7561 
7560 
7576 
7561 
8373 
7654 
7576 
7545 
7560 
7670 
7561 
7561 
8076 
7639 
7561 
7561 
7561 
7748 
7592 
7576 
8030 
7592 
7561 
7560 
7561 
7561 
7560 
7780 
8123 
7608 
7576 
7592 
7608 
7560 
7639 
8185 
7748 
7639 
7670 
7592 
7639 
7608 
7592 
8108 
7592 
7577 
7561 
7576 
7577 
7561 
7560 
8077 
7608 
9950 
7560 
7561 
7592 
7577 
7842 
7936 
7577 
7561 
7561 
7561 
7577 
7561 
7951 
7655 
7577 
7546 
7561 
7561 
7577 
7560 
8123 
7576 
7592 
7560 
7561 
7561 
7577 
7561 
8217 
7592 
7561 
7545 
