1937 
1890 
1891 
1890 
1891 
1905 
1891 
1890 
1890 
2094 
2124 
1906 
1890 
1937 
1890 
1922 
1890 
1906 
1890 
1890 
1891 
1890 
1891 
1890 
1890 
1890 
1890 
1890 
1890 
1890 
1890 
1890 
1890 
1890 
1890 
1890 
1890 
1891 
1890 
1890 
1953 
2093 
1968 
1891 
1937 
1890 
1906 
1890 
1891 
1890 
1891 
1890 
1891 
1890 
1906 
1890 
1890 
1891 
1890 
1890 
1890 
1890 
1906 
1890 
1890 
1890 
1890 
1906 
1890 
1906 
1890 
1890 
2078 
2062 
1890 
1906 
1937 
1890 
1906 
1890 
1906 
1890 
1891 
1890 
1891 
1905 
1891 
1890 
1891 
1890 
1890 
1890 
1890 
1906 
1890 
1890 
1890 
1891 
1890 
1890 
