4327 
4264 
4249 
4249 
4249 
4264 
4265 
4265 
4249 
4265 
4577 
4296 
4312 
4264 
4265 
4265 
4265 
4264 
4265 
4249 
4264 
4249 
4264 
4265 
4546 
4327 
4296 
4264 
4249 
4249 
4249 
4249 
4265 
4249 
4265 
4265 
4264 
4265 
4561 
4280 
4281 
4265 
4249 
4249 
4265 
4264 
4280 
4249 
4280 
4265 
4249 
4265 
4577 
4296 
4280 
4296 
4265 
4264 
4265 
4296 
4264 
4265 
4265 
4249 
4265 
4264 
4593 
4296 
4311 
4280 
4265 
4265 
4264 
4265 
4264 
4265 
4265 
4264 
4265 
4265 
4608 
4280 
4296 
4280 
4265 
4265 
4264 
4312 
4264 
4265 
4280 
4264 
4265 
4265 
4577 
4265 
4280 
4281 
4264 
4265 
