0 
0 
5 
11 
14 
14 
18 
19 
27 
23 
25 
33 
33 
35 
41 
36 
46 
47 
55 
54 
57 
52 
61 
61 
73 
71 
70 
77 
78 
79 
80 
83 
88 
88 
91 
95 
95 
99 
99 
103 
104 
106 
109 
111 
112 
111 
120 
115 
120 
121 
124 
126 
127 
131 
134 
136 
130 
142 
139 
139 
143 
146 
145 
151 
150 
149 
155 
150 
152 
161 
162 
161 
160 
163 
166 
164 
170 
168 
173 
198 
169 
172 
183 
197 
187 
200 
180 
192 
208 
191 
229 
223 
209 
203 
191 
212 
215 
201 
200 
189 
