4374 
4389 
4890 
4405 
4405 
4374 
4374 
4390 
4390 
4389 
4374 
4389 
4390 
4374 
4389 
4577 
4702 
4452 
4420 
4390 
4374 
4374 
4420 
4406 
4374 
4405 
4390 
4374 
4390 
4858 
4452 
4405 
4390 
4389 
4406 
4389 
4390 
4389 
4437 
4374 
4374 
4389 
4577 
4655 
4452 
4405 
4390 
4389 
4390 
4374 
4374 
4390 
4390 
4389 
4390 
4374 
4827 
4437 
4389 
4374 
4389 
4374 
4405 
4389 
4390 
4389 
4374 
4390 
4389 
4530 
4702 
4499 
4421 
4389 
4390 
4390 
4389 
4374 
4452 
4390 
4389 
4390 
4389 
4780 
4421 
4390 
4389 
4374 
4374 
4374 
4374 
4374 
4389 
4390 
4390 
4389 
4593 
4702 
4436 
4406 
