281 
266 
266 
265 
266 
265 
250 
250 
281 
281 
282 
266 
281 
281 
250 
250 
250 
234 
266 
234 
250 
265 
219 
203 
219 
203 
203 
203 
188 
203 
187 
203 
188 
187 
172 
203 
172 
187 
172 
172 
172 
172 
156 
172 
203 
172 
156 
156 
140 
156 
157 
140 
156 
141 
141 
140 
141 
140 
141 
141 
140 
141 
156 
141 
156 
156 
156 
156 
157 
156 
156 
156 
172 
187 
172 
172 
172 
187 
172 
187 
188 
172 
188 
187 
188 
203 
203 
203 
203 
203 
203 
219 
203 
203 
218 
235 
218 
219 
234 
235 
