27353 
28430 
27337 
28197 
27352 
28259 
27353 
28212 
27353 
27915 
27400 
27650 
27994 
27338 
28259 
27353 
28447 
27353 
28056 
27337 
28181 
27353 
28040 
27447 
27884 
27682 
27352 
28400 
27353 
27978 
27338 
28399 
27337 
28181 
27338 
28275 
27353 
28056 
27369 
27368 
28368 
27337 
28196 
27353 
28056 
27337 
28259 
27337 
28040 
27353 
27853 
27431 
27353 
28290 
27353 
28666 
27337 
28165 
27399 
28400 
27353 
27774 
27369 
27977 
27384 
27462 
28275 
27338 
28181 
27400 
28493 
27353 
28134 
27337 
28290 
27368 
27790 
27540 
27697 
27728 
27338 
28384 
27353 
28525 
27353 
28134 
27353 
28118 
27368 
28009 
27447 
27884 
27728 
27337 
28103 
27338 
28181 
27337 
28353 
27337 
