2453 
2468 
2468 
2452 
2468 
2468 
2515 
2468 
2468 
2469 
2468 
2468 
2546 
2468 
2468 
2468 
2656 
2749 
2469 
2546 
2468 
2499 
2469 
2468 
2468 
2468 
2468 
2531 
2468 
2468 
2468 
2453 
2468 
2484 
2468 
2468 
2468 
2468 
2484 
2453 
2625 
2781 
2469 
2530 
2468 
2484 
2484 
2468 
2468 
2469 
2453 
2453 
2452 
2452 
2484 
2468 
2468 
2469 
2483 
2469 
2468 
2468 
2468 
2468 
2625 
2890 
2484 
2562 
2468 
2515 
2468 
2468 
2469 
2468 
2468 
2468 
2468 
2452 
2453 
2453 
2453 
2484 
2468 
2468 
2468 
2468 
2469 
2468 
2625 
2780 
2468 
2531 
2468 
2484 
2468 
2468 
2468 
2484 
2452 
2452 
