1093 
1094 
1093 
1109 
1094 
1093 
1109 
1094 
1109 
1094 
1093 
1093 
1094 
1093 
1093 
1094 
1093 
1094 
1094 
1093 
1110 
1093 
1094 
1093 
1093 
1094 
1093 
1093 
1094 
1093 
1093 
1094 
1093 
1109 
1094 
1109 
1094 
1093 
1094 
1093 
1093 
1234 
1281 
1250 
1125 
1094 
1109 
1093 
1140 
1094 
1109 
1109 
1109 
1094 
1093 
1094 
1109 
1093 
1094 
1109 
1093 
1094 
1093 
1093 
1094 
1093 
1094 
1093 
1094 
1093 
1094 
1093 
1093 
1094 
1093 
1109 
1094 
1093 
1109 
1094 
1093 
1093 
1094 
1093 
1094 
1093 
1094 
1109 
1093 
1094 
1093 
1093 
1094 
1093 
1094 
1171 
1297 
1281 
1140 
1094 
