17668 
17496 
17527 
18589 
17512 
17512 
18215 
17621 
17512 
17574 
18402 
17496 
17606 
18339 
17496 
17527 
18293 
17636 
17496 
17512 
18511 
17480 
17527 
18293 
17527 
17512 
17934 
17667 
17511 
17527 
18433 
17512 
17637 
18527 
17667 
17511 
17684 
18215 
17511 
17527 
18356 
17480 
17528 
18168 
17714 
17528 
17542 
18543 
17496 
17512 
18324 
17621 
17495 
18136 
17668 
17496 
17496 
18574 
17511 
17511 
18152 
17542 
17512 
17824 
18274 
17511 
17543 
18698 
17496 
17543 
18214 
17668 
17527 
17543 
18465 
17495 
17512 
18261 
17543 
17511 
17809 
17777 
17496 
17527 
18558 
17574 
17543 
18230 
17543 
17496 
17761 
18105 
17512 
17512 
18511 
17496 
17511 
18152 
17699 
17496 
