13435 
13450 
13450 
14028 
13481 
13466 
13450 
13872 
13528 
13434 
13450 
13450 
14027 
13450 
13544 
13435 
13919 
13497 
13435 
13435 
13684 
13606 
13450 
13434 
13450 
14028 
13481 
13435 
13450 
13888 
13512 
13434 
13450 
13434 
14028 
13450 
13435 
13450 
13872 
13544 
13450 
13435 
13560 
13856 
13434 
13434 
13434 
13856 
13513 
13450 
13450 
13793 
13513 
13450 
13450 
13450 
14059 
13465 
13481 
13450 
13950 
13512 
13434 
13434 
13434 
14012 
13434 
13435 
13450 
13965 
13528 
13481 
13434 
13622 
13700 
13435 
13450 
13450 
13919 
13482 
13450 
13450 
13824 
13575 
13434 
13434 
13434 
13997 
13497 
13450 
13450 
13856 
13560 
13434 
13434 
13465 
14106 
13450 
13434 
13450 
