6842 
7296 
6873 
6873 
6826 
6826 
6842 
6842 
6826 
6842 
7358 
6904 
6843 
6827 
6827 
6827 
6842 
6826 
7014 
7123 
6858 
6826 
6826 
6826 
6843 
6842 
6843 
7263 
6921 
6857 
6858 
6842 
6843 
6857 
6842 
6843 
7248 
6889 
6842 
6842 
6843 
6826 
6842 
6826 
6952 
7279 
6858 
6842 
6842 
6936 
6842 
6843 
6842 
7248 
6904 
6873 
6842 
6827 
6842 
6874 
6858 
6842 
7249 
6874 
6842 
6843 
6827 
6842 
6843 
6842 
6921 
7248 
6873 
6842 
6842 
6842 
6843 
6842 
6842 
7233 
6936 
6858 
6842 
6842 
6842 
6842 
6843 
6842 
7373 
6905 
6842 
6827 
6842 
6842 
6843 
6842 
6858 
7295 
6936 
6843 
