10404 
9904 
9873 
9872 
9873 
9857 
10420 
9904 
9872 
9873 
9888 
9873 
10513 
9904 
9857 
9857 
9950 
9873 
10450 
9920 
9873 
9872 
9889 
9872 
10560 
9888 
9873 
9872 
9889 
9888 
10388 
9904 
9857 
9935 
9873 
9872 
10419 
9920 
9873 
9888 
9857 
9857 
10310 
9889 
9857 
9857 
9873 
9872 
10420 
9904 
9873 
9857 
9873 
9872 
10373 
9888 
9872 
9935 
9873 
9873 
10357 
9935 
9873 
9872 
9873 
9857 
10357 
9951 
9857 
9857 
9873 
9857 
10357 
9967 
9872 
9857 
9873 
9873 
10435 
9967 
9872 
9873 
9888 
9873 
10373 
10013 
9904 
9857 
9889 
9872 
10279 
9967 
9872 
9873 
9873 
9857 
10341 
9982 
9857 
9857 
