23026 
22135 
22729 
22151 
22136 
22823 
22151 
22135 
23182 
22136 
22979 
22198 
22135 
23104 
22198 
22151 
22916 
22245 
22963 
22198 
22151 
23214 
22135 
22151 
23198 
22135 
22839 
22245 
22120 
23197 
22135 
22152 
23057 
22136 
22619 
22323 
22120 
23151 
22120 
22136 
23261 
22104 
22870 
22229 
22135 
23011 
22135 
22151 
23213 
22120 
22854 
22229 
22151 
23041 
22135 
22167 
23245 
22135 
22760 
22260 
22120 
22963 
22197 
22167 
23229 
22151 
22948 
22276 
22151 
23010 
22292 
22151 
23245 
22291 
22854 
22198 
22135 
22761 
22119 
22151 
22979 
22120 
22854 
22182 
22120 
23057 
22166 
22151 
22651 
22151 
22683 
22151 
22135 
23104 
22135 
22151 
23197 
22104 
22791 
22198 
