47 
78 
47 
47 
62 
15 
31 
31 
16 
31 
16 
63 
15 
16 
62 
16 
62 
47 
63 
16 
32 
16 
15 
16 
78 
16 
47 
62 
47 
62 
15 
16 
16 
15 
15 
47 
16 
16 
15 
16 
63 
32 
63 
47 
47 
47 
16 
16 
16 
63 
32 
47 
16 
16 
15 
32 
15 
63 
63 
63 
63 
15 
16 
32 
16 
78 
62 
63 
63 
63 
63 
63 
78 
47 
62 
62 
16 
31 
16 
79 
47 
78 
16 
31 
31 
47 
31 
31 
16 
62 
47 
31 
62 
15 
16 
32 
31 
16 
16 
62 
