15 
47 
63 
15 
16 
63 
32 
16 
15 
16 
31 
47 
47 
63 
16 
16 
31 
78 
15 
16 
47 
16 
32 
16 
32 
16 
31 
47 
46 
16 
16 
15 
47 
47 
15 
31 
16 
15 
47 
63 
16 
15 
31 
62 
31 
15 
31 
79 
16 
47 
63 
16 
15 
31 
62 
16 
16 
63 
32 
16 
16 
16 
47 
62 
15 
16 
15 
47 
63 
15 
32 
15 
31 
15 
31 
47 
47 
16 
15 
63 
63 
32 
16 
15 
47 
63 
47 
16 
32 
15 
47 
16 
15 
47 
63 
31 
63 
62 
15 
16 
