62 
62 
31 
31 
31 
16 
62 
78 
62 
15 
31 
31 
62 
47 
47 
47 
78 
16 
31 
78 
93 
47 
63 
15 
16 
78 
47 
31 
78 
47 
63 
63 
78 
78 
62 
31 
31 
32 
32 
31 
16 
16 
78 
79 
63 
78 
62 
62 
15 
16 
31 
31 
31 
32 
63 
47 
79 
32 
16 
16 
47 
63 
63 
63 
62 
32 
62 
62 
63 
31 
15 
63 
78 
63 
31 
47 
78 
31 
31 
31 
47 
78 
78 
78 
63 
16 
31 
31 
32 
16 
78 
78 
62 
47 
62 
62 
31 
31 
16 
16 
