62 
31 
31 
15 
62 
63 
78 
47 
63 
46 
62 
63 
16 
63 
32 
47 
47 
79 
78 
15 
16 
62 
62 
47 
16 
15 
15 
15 
16 
16 
16 
15 
63 
47 
62 
62 
16 
47 
62 
62 
63 
16 
16 
79 
16 
63 
16 
62 
16 
63 
63 
78 
62 
16 
62 
15 
62 
62 
16 
47 
62 
63 
78 
62 
47 
63 
47 
62 
15 
62 
78 
62 
31 
47 
63 
62 
62 
62 
16 
16 
16 
31 
31 
15 
32 
31 
63 
78 
62 
63 
16 
15 
16 
16 
63 
63 
62 
15 
15 
31 
